4822
4348
360
3311
1865
903
293
862
763
4083
3207
731
4685
941
1530
3599
4898
1284
4140
4207
2521
3565
2555
3306
3786
3233
4336
1854
4823
4989
823
820
3437
76
3738
3997
2110
3959
3002
1912
332
4519
79
4437
2263
4306
3775
1003
1356
4333
3543
3840
312
3863
2232
1539
1343
1203
3131
2535
2143
2012
3406
125
38
2235
2986
4983
1721
3059
725
1064
1639
401
2780
3275
2654
405
3633
632
2452
2680
2899
403
2436
3112
2356
3654
2688
1700
3710
4384
3518
4880
2998
4617
4254
3824
2308
1184
3313
3179
2960
2020
1606
3849
3272
285
1230
948
1055
1869
703
4257
4052
4804
2197
3399
3371
375
4853
3101
4596
4119
4279
524
855
2451
716
4473
1188
4952
1013
1925
4781
1784
151
4255
2430
2442
2659
1810
1987
4776
4091
2743
4902
1418
4700
857
1172
149
2921
1987
4726
4860
4886
1262
1401
4646
246
2459
1794
2469
2794
1514
114
4661
3591
2462
1266
2554
2042
4586
755
1546
1943
4853
1426
1639
4670
4489
1023
2148
4271
682
3778
1479
589
4404
1808
2591
4968
3549
2352
311
3777
451
2162
1110
2157
4587
3383
2214
314
1813
3564
4937
2440
3134
3708
1095
3863
3547
3336
1400
2736
385
4062
4850
4787
4066
2322
2596
3070
445
627
937
555
4547
3367
1016
4684
956
2168
1655
2609
3066
1464
2747
1955
2097
1735
3636
2430
2579
400
2028
1114
2676
1070
2796
1636
2824
405
1377
1387
3507
4513
4588
43
2751
2852
378
216
1
2658
4473
3003
2130
3554
2468
4334
1360
1350
2370
3408
2398
1048
3609
2691
963
555
1217
2257
1180
4880
1239
1791
2323
4061
2638
4649
2269
141
2648
2019
1557
773
1521
2129
2082
1915
4220
2760
1087
4160
2579
3647
28
3914
1422
353
3924
4463
2945
2234
3667
1236
3770
238
774
2729
3514
2834
3541
2204
3626
3815
2878
2266
4156
1179
1519
851
3523
1707
3367
1277
4950
2364
2861
2211
3265
3727
134
4178
4553
3636
2533
2704
3274
151
4097
1933
895
1299
3272
1660
440
1855
3095
4615
952
1368
3593
652
2405
2716
1685
502
2419
4583
2015
1655
1607
2038
979
2250
2306
3579
2919
1323
77
1482
1709
2008
4800
680
2260
1401
1027
58
3385
3381
2170
2507
1812
2504
1247
4779
370
2635
4844
2632
1655
4829
1177
1908
304
842
4216
3203
3135
1838
4039
95
457
1395
1061
1767
197
2779
4705
1750
766
4326
4906
1842
1717
4146
4955
4408
97
2008
2025
2395
465
4443
2592
2655
709
1459
4119
3366
2841
1529
2573
785
390
2627
1858
3110
3795
4158
2063
1067
1272
3435
3079
4459
2500
3510
2849
2262
1378
605
455
2460
492
4487
3780
4245
4516
821
858
324
2157
932
4267
2710
1527
883
1767
257
2160
3649
4638
3208
3359
4325
3481
4189
4222
2189
3112
1689
4839
3443
1083
2305
1714
4419
2071
450
3785
2629
4915
1217
73
146
4131
538
1894
2541
311
2502
1695
142
936
2825
3154
383
1052
2817
4094
2293
3507
4871
62
2971
1837
3013
4934
1901
3761
1963
2615
1181
679
1879
1693
4053
4788
4307
3326
2129
1410
2097
2092
154
450
3749
4990
3709
2065
4235
3173
4719
2790
1471
3006
1798
4995
653
1324
2475
1299
718
1389
4424
2796
1554
2521
4352
3471
3313
2623
2341
3572
84
2026
4953
2853
4567
304
2549
1029
581
1374
4540
1293
148
3785
4955
3038
3887
4968
1342
4037
3316
3269
2269
2126
2122
654
551
2841
4293
2454
2946
4289
1304
4886
4412
824
1910
2215
1940
3668
3883
1284
4979
3566
1809
4609
2525
3458
1452
3139
1010
2074
164
3263
4366
4078
1228
2110
3871
4033
1049
1815
3484
4255
3219
2287
1766
4922
1061
2488
4334
3246
2303
352
4296
4530
3175
2183
4033
3170
540
2063
222
2726
4645
2767
3301
1844
2324
1860
1216
1613
4276
4290
183
46
2852
3447
2102
2115
3211
1164
689
4862
4263
244
2189
1832
4905
4417
235
2800
1145
252
1870
502
4116
138
75
744
511
2802
3577
585
1344
2748
196
1293
38
105
1325
11
4024
1316
4932
2511
3327
1844
4138
3148
429
3161
3855
1492
4709
4176
4771
2936
2471
682
2231
1857
2165
3725
2170
977
2301
4066
3180
2522
4142
822
1621
1271
3374
256
34
361
2345
708
3261
244
2328
3711
3446
1134
3677
2643
1529
1659
1062
608
1706
4533
3295
1067
2843
3415
212
3183
4474
4263
594
3696
4595
3616
4576
2860
2963
1485
2040
2367
1030
4445
2413
4007
4126
4054
257
4833
347
286
1546
1635
3934
2190
3967
3292
1313
84
3028
3660
2638
3950
488
3400
2196
3188
497
2679
186
810
3369
1955
1033
2848
1670
2127
2767
4420
1541
401
1611
2265
3934
4441
4478
3512
4358
2353
3193
3838
2396
4037
1902
815
2817
941
3194
79
4430
4150
4171
4545
2946
1177
4151
2989
2612
53
4443
2798
1120
4019
2677
1348
4525
4069
548
3102
2101
1021
1226
462
1555
2160
882
1321
2423
336
935
3456
68
270
2018
2714
4759
440
633
2257
3599
4699
1840
3271
722
31
2871
4008
3693
3336
366
2606
2242
3169
205
1429
4315
1835
2511
4590
4136
1227
1001
1516
4524
4882
3092
3550
235
4054
3349
587
4262
1634
1553
3294
1348
3114
3647
3995
2366
3642
4817
1197
3094
4115
3699
4131
1255
4611
1719
2482
779
4833
3181
1652
1606
4597
226
3673
3683
1257
901
536
285
149
4933
3527
4768
3848
353
4459
1973
4004
2923
4204
4045
3787
445
2562
4899
3562
1875
866
1015
1931
3110
1473
3346
3372
1518
1401
415
1289
4918
4679
3637
868
4058
170
1817
894
3085
3696
2572
4849
3960
2248
1840
1413
2444
658
768
3897
2606
2788
3605
18
2772
1799
